 &plot nbnd=   8, nks=    91 /
            0.500000  0.500000  0.500000
   -3.424   -0.764    5.010    5.010    7.750    9.553    9.553   13.947
            0.475000  0.475000  0.475000
   -3.459   -0.713    5.015    5.015    7.756    9.558    9.558   13.955
            0.450000  0.450000  0.450000
   -3.558   -0.568    5.028    5.028    7.771    9.573    9.573   13.978
            0.425000  0.425000  0.425000
   -3.703   -0.346    5.051    5.051    7.797    9.597    9.597   14.015
            0.400000  0.400000  0.400000
   -3.876   -0.065    5.082    5.082    7.833    9.628    9.628   14.059
            0.375000  0.375000  0.375000
   -4.062    0.259    5.122    5.122    7.878    9.664    9.664   14.101
            0.350000  0.350000  0.350000
   -4.253    0.618    5.171    5.171    7.934    9.699    9.699   14.115
            0.325000  0.325000  0.325000
   -4.441    1.004    5.229    5.229    7.998    9.728    9.728   14.051
            0.300000  0.300000  0.300000
   -4.623    1.412    5.295    5.295    8.072    9.746    9.746   13.817
            0.275000  0.275000  0.275000
   -4.796    1.839    5.368    5.368    8.153    9.745    9.745   13.527
            0.250000  0.250000  0.250000
   -4.956    2.281    5.450    5.450    8.242    9.718    9.718   13.134
            0.225000  0.225000  0.225000
   -5.105    2.735    5.537    5.537    8.335    9.662    9.662   12.708
            0.200000  0.200000  0.200000
   -5.239    3.200    5.630    5.630    8.433    9.575    9.575   12.266
            0.175000  0.175000  0.175000
   -5.359    3.670    5.727    5.727    8.531    9.464    9.464   11.818
            0.150000  0.150000  0.150000
   -5.463    4.143    5.825    5.825    8.627    9.335    9.335   11.368
            0.125000  0.125000  0.125000
   -5.552    4.611    5.921    5.921    8.714    9.199    9.199   10.925
            0.100000  0.100000  0.100000
   -5.625    5.064    6.012    6.012    8.786    9.067    9.067   10.502
            0.075000  0.075000  0.075000
   -5.683    5.488    6.092    6.092    8.831    8.949    8.949   10.122
            0.050000  0.050000  0.050000
   -5.724    5.853    6.155    6.155    8.834    8.855    8.855    9.820
            0.025000  0.025000  0.025000
   -5.748    6.113    6.196    6.196    8.795    8.795    8.799    9.637
            0.000000  0.000000  0.000000
   -5.756    6.211    6.211    6.211    8.774    8.774    8.774    9.579
            0.033333  0.000000  0.000000
   -5.752    6.177    6.189    6.189    8.762    8.801    8.801    9.612
            0.066667  0.000000  0.000000
   -5.737    6.081    6.129    6.129    8.726    8.880    8.880    9.706
            0.100000  0.000000  0.000000
   -5.713    5.931    6.035    6.035    8.669    9.004    9.004    9.849
            0.133333  0.000000  0.000000
   -5.679    5.739    5.916    5.916    8.592    9.165    9.165   10.026
            0.166667  0.000000  0.000000
   -5.635    5.517    5.780    5.780    8.500    9.354    9.354   10.219
            0.200000  0.000000  0.000000
   -5.582    5.272    5.633    5.633    8.396    9.566    9.566   10.405
            0.233333  0.000000  0.000000
   -5.519    5.012    5.480    5.480    8.282    9.796    9.796   10.558
            0.266667  0.000000  0.000000
   -5.446    4.739    5.325    5.325    8.163   10.039   10.039   10.642
            0.300000  0.000000  0.000000
   -5.364    4.459    5.169    5.169    8.040   10.294   10.294   10.628
            0.333333  0.000000  0.000000
   -5.272    4.172    5.016    5.016    7.916   10.515   10.558   10.558
            0.366667  0.000000  0.000000
   -5.171    3.881    4.866    4.866    7.793   10.331   10.830   10.830
            0.400000  0.000000  0.000000
   -5.061    3.586    4.720    4.720    7.673   10.104   11.108   11.108
            0.433333  0.000000  0.000000
   -4.941    3.290    4.580    4.580    7.557    9.857   11.391   11.391
            0.466667  0.000000  0.000000
   -4.812    2.991    4.446    4.446    7.446    9.602   11.679   11.679
            0.500000  0.000000  0.000000
   -4.674    2.692    4.318    4.318    7.342    9.347   11.972   11.972
            0.533333  0.000000  0.000000
   -4.527    2.392    4.198    4.198    7.244    9.099   12.267   12.267
            0.566667  0.000000  0.000000
   -4.371    2.092    4.084    4.084    7.155    8.858   12.566   12.566
            0.600000  0.000000  0.000000
   -4.207    1.793    3.978    3.978    7.073    8.628   12.868   12.868
            0.633333  0.000000  0.000000
   -4.033    1.495    3.880    3.880    7.001    8.410   13.172   13.172
            0.666667  0.000000  0.000000
   -3.851    1.197    3.790    3.790    6.939    8.205   13.479   13.479
            0.700000  0.000000  0.000000
   -3.661    0.902    3.708    3.708    6.886    8.014   13.788   13.788
            0.733333  0.000000  0.000000
   -3.463    0.608    3.635    3.635    6.844    7.836   14.100   14.100
            0.766667  0.000000  0.000000
   -3.257    0.317    3.569    3.569    6.813    7.673   14.413   14.413
            0.800000  0.000000  0.000000
   -3.043    0.030    3.513    3.513    6.792    7.524   14.727   14.727
            0.833333  0.000000  0.000000
   -2.822   -0.255    3.465    3.465    6.784    7.389   15.042   15.042
            0.866667  0.000000  0.000000
   -2.593   -0.535    3.425    3.425    6.786    7.268   15.355   15.355
            0.900000  0.000000  0.000000
   -2.357   -0.811    3.395    3.395    6.802    7.161   15.664   15.664
            0.933333  0.000000  0.000000
   -2.114   -1.083    3.373    3.373    6.829    7.068   15.957   15.957
            0.966667  0.000000  0.000000
   -1.865   -1.349    3.359    3.359    6.869    6.988   16.206   16.206
            1.000000  0.000000  0.000000
   -1.610   -1.610    3.355    3.355    6.922    6.922   16.320   16.320
            1.000000  0.025000  0.025000
   -1.613   -1.604    3.318    3.359    6.927    6.978   16.259   16.287
            1.000000  0.050000  0.050000
   -1.620   -1.587    3.213    3.373    6.942    7.137   16.091   16.194
            1.000000  0.075000  0.075000
   -1.632   -1.557    3.058    3.395    6.968    7.383   15.852   16.049
            1.000000  0.100000  0.100000
   -1.652   -1.516    2.874    3.425    7.003    7.698   15.571   15.867
            1.000000  0.125000  0.125000
   -1.680   -1.462    2.678    3.464    7.048    8.063   15.267   15.657
            1.000000  0.150000  0.150000
   -1.718   -1.397    2.484    3.512    7.103    8.469   14.952   15.430
            1.000000  0.175000  0.175000
   -1.770   -1.321    2.303    3.568    7.168    8.905   14.632   15.191
            1.000000  0.200000  0.200000
   -1.837   -1.232    2.142    3.632    7.241    9.366   14.313   14.890
            1.000000  0.225000  0.225000
   -1.922   -1.132    2.008    3.703    7.325    9.847   13.996   14.556
            1.000000  0.250000  0.250000
   -2.024   -1.020    1.905    3.783    7.416   10.344   13.683   14.231
            0.966667  0.241667  0.241667
   -2.028   -1.022    1.950    3.759    7.391   10.182   13.709   14.099
            0.933333  0.233333  0.233333
   -2.114   -0.945    2.023    3.745    7.377   10.034   13.624   13.881
            0.900000  0.225000  0.225000
   -2.259   -0.809    2.120    3.740    7.376    9.901   13.493   13.658
            0.866667  0.216667  0.216667
   -2.439   -0.634    2.238    3.744    7.387    9.782   13.344   13.435
            0.833333  0.208333  0.208333
   -2.637   -0.436    2.373    3.757    7.409    9.680   13.189   13.213
            0.800000  0.200000  0.200000
   -2.843   -0.220    2.522    3.780    7.441    9.595   12.992   13.033
            0.766667  0.191667  0.191667
   -3.051    0.008    2.683    3.812    7.482    9.530   12.773   12.878
            0.733333  0.183333  0.183333
   -3.258    0.246    2.854    3.853    7.531    9.485   12.556   12.723
            0.700000  0.175000  0.175000
   -3.462    0.494    3.034    3.904    7.586    9.463   12.340   12.568
            0.666667  0.166667  0.166667
   -3.662    0.751    3.220    3.964    7.644    9.465   12.127   12.412
            0.633333  0.158333  0.158333
   -3.855    1.016    3.411    4.034    7.704    9.494   11.917   12.254
            0.600000  0.150000  0.150000
   -4.041    1.289    3.606    4.112    7.764    9.550   11.710   12.091
            0.566667  0.141667  0.141667
   -4.219    1.568    3.803    4.200    7.823    9.633   11.508   11.923
            0.533333  0.133333  0.133333
   -4.389    1.855    4.001    4.296    7.880    9.740   11.311   11.747
            0.500000  0.125000  0.125000
   -4.551    2.148    4.199    4.401    7.936    9.867   11.124   11.561
            0.466667  0.116667  0.116667
   -4.703    2.447    4.396    4.514    7.991   10.002   10.956   11.366
            0.433333  0.108333  0.108333
   -4.845    2.752    4.589    4.635    8.048   10.118   10.826   11.159
            0.400000  0.100000  0.100000
   -4.978    3.063    4.763    4.779    8.106   10.162   10.782   10.943
            0.366667  0.091667  0.091667
   -5.101    3.377    4.899    4.965    8.167   10.099   10.718   10.845
            0.333333  0.083333  0.083333
   -5.214    3.695    5.040    5.144    8.232    9.973   10.488   10.951
            0.300000  0.075000  0.075000
   -5.316    4.015    5.185    5.315    8.300    9.824   10.253   11.022
            0.266667  0.066667  0.066667
   -5.408    4.336    5.335    5.478    8.370    9.670   10.019   10.996
            0.233333  0.058333  0.058333
   -5.489    4.655    5.485    5.630    8.442    9.518    9.789   10.856
            0.200000  0.050000  0.050000
   -5.560    4.968    5.635    5.770    8.514    9.372    9.567   10.635
            0.166667  0.041667  0.041667
   -5.620    5.272    5.780    5.895    8.582    9.232    9.358   10.380
            0.133333  0.033333  0.033333
   -5.669    5.556    5.915    6.003    8.645    9.101    9.170   10.127
            0.100000  0.025000  0.025000
   -5.707    5.812    6.033    6.091    8.698    8.981    9.008    9.901
            0.066667  0.016667  0.016667
   -5.735    6.021    6.128    6.156    8.739    8.877    8.882    9.726
            0.033333  0.008333  0.008333
   -5.751    6.161    6.189    6.197    8.765    8.802    8.802    9.616
            0.000000  0.000000  0.000000
   -5.756    6.211    6.211    6.211    8.774    8.774    8.774    9.579
