#  E (eV)   dos(E)     Int dos(E) EFermi =    6.211 eV
 -15.000  0.1312E-84  0.2623E-86
 -14.980  0.1312E-84  0.5247E-86
 -14.960  0.1312E-84  0.7870E-86
 -14.940  0.1312E-84  0.1049E-85
 -14.920  0.1312E-84  0.1312E-85
 -14.900  0.1312E-84  0.1574E-85
 -14.880  0.1312E-84  0.1836E-85
 -14.860  0.1312E-84  0.2099E-85
 -14.840  0.1312E-84  0.2361E-85
 -14.820  0.1312E-84  0.2623E-85
 -14.800  0.1312E-84  0.2886E-85
 -14.780  0.1312E-84  0.3148E-85
 -14.760  0.1312E-84  0.3410E-85
 -14.740  0.1312E-84  0.3673E-85
 -14.720  0.1312E-84  0.3935E-85
 -14.700  0.1312E-84  0.4197E-85
 -14.680  0.1312E-84  0.4460E-85
 -14.660  0.1312E-84  0.4722E-85
 -14.640  0.1312E-84  0.4984E-85
 -14.620  0.1312E-84  0.5247E-85
 -14.600  0.1312E-84  0.5509E-85
 -14.580  0.1312E-84  0.5771E-85
 -14.560  0.1312E-84  0.6034E-85
 -14.540  0.1312E-84  0.6296E-85
 -14.520  0.1312E-84  0.6558E-85
 -14.500  0.1312E-84  0.6821E-85
 -14.480  0.1312E-84  0.7083E-85
 -14.460  0.1312E-84  0.7345E-85
 -14.440  0.1312E-84  0.7608E-85
 -14.420  0.1312E-84  0.7870E-85
 -14.400  0.1312E-84  0.8132E-85
 -14.380  0.1312E-84  0.8395E-85
 -14.360  0.1312E-84  0.8657E-85
 -14.340  0.1312E-84  0.8919E-85
 -14.320  0.1312E-84  0.9182E-85
 -14.300  0.1312E-84  0.9444E-85
 -14.280  0.1312E-84  0.9706E-85
 -14.260  0.1312E-84  0.9969E-85
 -14.240  0.1312E-84  0.1023E-84
 -14.220  0.1312E-84  0.1049E-84
 -14.200  0.1312E-84  0.1076E-84
 -14.180  0.1312E-84  0.1102E-84
 -14.160  0.1312E-84  0.1128E-84
 -14.140  0.1312E-84  0.1154E-84
 -14.120  0.1312E-84  0.1181E-84
 -14.100  0.1312E-84  0.1207E-84
 -14.080  0.1312E-84  0.1233E-84
 -14.060  0.1312E-84  0.1259E-84
 -14.040  0.1312E-84  0.1285E-84
 -14.020  0.1312E-84  0.1312E-84
 -14.000  0.1312E-84  0.1338E-84
 -13.980  0.1312E-84  0.1364E-84
 -13.960  0.1312E-84  0.1390E-84
 -13.940  0.1312E-84  0.1417E-84
 -13.920  0.1312E-84  0.1443E-84
 -13.900  0.1312E-84  0.1469E-84
 -13.880  0.1312E-84  0.1495E-84
 -13.860  0.1312E-84  0.1522E-84
 -13.840  0.1312E-84  0.1548E-84
 -13.820  0.1312E-84  0.1574E-84
 -13.800  0.1312E-84  0.1600E-84
 -13.780  0.1312E-84  0.1626E-84
 -13.760  0.1312E-84  0.1653E-84
 -13.740  0.1312E-84  0.1679E-84
 -13.720  0.1312E-84  0.1705E-84
 -13.700  0.1312E-84  0.1731E-84
 -13.680  0.1312E-84  0.1758E-84
 -13.660  0.1312E-84  0.1784E-84
 -13.640  0.1312E-84  0.1810E-84
 -13.620  0.1312E-84  0.1836E-84
 -13.600  0.1312E-84  0.1863E-84
 -13.580  0.1312E-84  0.1889E-84
 -13.560  0.1312E-84  0.1915E-84
 -13.540  0.1312E-84  0.1941E-84
 -13.520  0.1312E-84  0.1968E-84
 -13.500  0.1312E-84  0.1994E-84
 -13.480  0.1312E-84  0.2020E-84
 -13.460  0.1312E-84  0.2046E-84
 -13.440  0.1312E-84  0.2072E-84
 -13.420  0.1312E-84  0.2099E-84
 -13.400  0.1312E-84  0.2125E-84
 -13.380  0.1312E-84  0.2151E-84
 -13.360  0.1312E-84  0.2177E-84
 -13.340  0.1312E-84  0.2204E-84
 -13.320  0.1312E-84  0.2230E-84
 -13.300  0.1312E-84  0.2256E-84
 -13.280  0.1312E-84  0.2282E-84
 -13.260  0.1312E-84  0.2309E-84
 -13.240  0.1312E-84  0.2335E-84
 -13.220  0.1312E-84  0.2361E-84
 -13.200  0.1312E-84  0.2387E-84
 -13.180  0.1312E-84  0.2414E-84
 -13.160  0.1312E-84  0.2440E-84
 -13.140  0.1312E-84  0.2466E-84
 -13.120  0.1312E-84  0.2492E-84
 -13.100  0.1312E-84  0.2518E-84
 -13.080  0.1312E-84  0.2545E-84
 -13.060  0.1312E-84  0.2571E-84
 -13.040  0.1312E-84  0.2597E-84
 -13.020  0.1312E-84  0.2623E-84
 -13.000  0.1312E-84  0.2650E-84
 -12.980  0.1312E-84  0.2676E-84
 -12.960  0.1312E-84  0.2702E-84
 -12.940  0.1312E-84  0.2728E-84
 -12.920  0.1312E-84  0.2755E-84
 -12.900  0.1312E-84  0.2781E-84
 -12.880  0.1312E-84  0.2807E-84
 -12.860  0.1312E-84  0.2833E-84
 -12.840  0.1312E-84  0.2859E-84
 -12.820  0.1312E-84  0.2886E-84
 -12.800  0.1312E-84  0.2912E-84
 -12.780  0.1312E-84  0.2938E-84
 -12.760  0.1312E-84  0.2964E-84
 -12.740  0.1312E-84  0.2991E-84
 -12.720  0.1312E-84  0.3017E-84
 -12.700  0.1312E-84  0.3043E-84
 -12.680  0.1312E-84  0.3069E-84
 -12.660  0.1312E-84  0.3096E-84
 -12.640  0.1312E-84  0.3122E-84
 -12.620  0.1312E-84  0.3148E-84
 -12.600  0.1312E-84  0.3174E-84
 -12.580  0.1312E-84  0.3201E-84
 -12.560  0.1312E-84  0.3227E-84
 -12.540  0.1312E-84  0.3253E-84
 -12.520  0.1312E-84  0.3279E-84
 -12.500  0.1312E-84  0.3305E-84
 -12.480  0.1312E-84  0.3332E-84
 -12.460  0.1312E-84  0.3358E-84
 -12.440  0.1312E-84  0.3384E-84
 -12.420  0.1312E-84  0.3410E-84
 -12.400  0.1312E-84  0.3437E-84
 -12.380  0.1312E-84  0.3463E-84
 -12.360  0.1312E-84  0.3489E-84
 -12.340  0.1312E-84  0.3515E-84
 -12.320  0.1312E-84  0.3542E-84
 -12.300  0.1312E-84  0.3568E-84
 -12.280  0.1312E-84  0.3594E-84
 -12.260  0.1312E-84  0.3620E-84
 -12.240  0.1312E-84  0.3646E-84
 -12.220  0.1312E-84  0.3673E-84
 -12.200  0.1312E-84  0.3699E-84
 -12.180  0.1312E-84  0.3725E-84
 -12.160  0.1312E-84  0.3751E-84
 -12.140  0.1312E-84  0.3778E-84
 -12.120  0.1312E-84  0.3804E-84
 -12.100  0.1312E-84  0.3830E-84
 -12.080  0.1312E-84  0.3856E-84
 -12.060  0.1312E-84  0.3883E-84
 -12.040  0.1312E-84  0.3909E-84
 -12.020  0.1312E-84  0.3935E-84
 -12.000  0.1312E-84  0.3961E-84
 -11.980  0.1312E-84  0.3988E-84
 -11.960  0.1312E-84  0.4014E-84
 -11.940  0.1312E-84  0.4040E-84
 -11.920  0.1312E-84  0.4066E-84
 -11.900  0.1312E-84  0.4092E-84
 -11.880  0.1312E-84  0.4119E-84
 -11.860  0.1312E-84  0.4145E-84
 -11.840  0.1312E-84  0.4171E-84
 -11.820  0.1312E-84  0.4197E-84
 -11.800  0.1312E-84  0.4224E-84
 -11.780  0.1312E-84  0.4250E-84
 -11.760  0.1312E-84  0.4276E-84
 -11.740  0.1312E-84  0.4302E-84
 -11.720  0.1312E-84  0.4329E-84
 -11.700  0.1312E-84  0.4355E-84
 -11.680  0.1312E-84  0.4381E-84
 -11.660  0.1312E-84  0.4407E-84
 -11.640  0.1312E-84  0.4433E-84
 -11.620  0.1312E-84  0.4460E-84
 -11.600  0.1312E-84  0.4486E-84
 -11.580  0.1312E-84  0.4512E-84
 -11.560  0.1312E-84  0.4538E-84
 -11.540  0.1312E-84  0.4565E-84
 -11.520  0.1312E-84  0.4591E-84
 -11.500  0.1312E-84  0.4617E-84
 -11.480  0.1312E-84  0.4643E-84
 -11.460  0.1312E-84  0.4670E-84
 -11.440  0.1312E-84  0.4696E-84
 -11.420  0.1312E-84  0.4722E-84
 -11.400  0.1312E-84  0.4748E-84
 -11.380  0.1312E-84  0.4775E-84
 -11.360  0.1312E-84  0.4801E-84
 -11.340  0.1312E-84  0.4827E-84
 -11.320  0.1312E-84  0.4853E-84
 -11.300  0.1312E-84  0.4879E-84
 -11.280  0.1312E-84  0.4906E-84
 -11.260  0.1312E-84  0.4932E-84
 -11.240  0.1312E-84  0.4958E-84
 -11.220  0.1312E-84  0.4984E-84
 -11.200  0.1312E-84  0.5011E-84
 -11.180  0.1312E-84  0.5037E-84
 -11.160  0.1312E-84  0.5063E-84
 -11.140  0.1312E-84  0.5089E-84
 -11.120  0.1312E-84  0.5116E-84
 -11.100  0.1312E-84  0.5142E-84
 -11.080  0.1312E-84  0.5168E-84
 -11.060  0.1312E-84  0.5194E-84
 -11.040  0.1312E-84  0.5221E-84
 -11.020  0.1312E-84  0.5247E-84
 -11.000  0.1312E-84  0.5273E-84
 -10.980  0.1312E-84  0.5299E-84
 -10.960  0.1312E-84  0.5325E-84
 -10.940  0.1312E-84  0.5352E-84
 -10.920  0.1312E-84  0.5378E-84
 -10.900  0.1312E-84  0.5404E-84
 -10.880  0.1312E-84  0.5430E-84
 -10.860  0.1312E-84  0.5457E-84
 -10.840  0.1312E-84  0.5483E-84
 -10.820  0.1312E-84  0.5509E-84
 -10.800  0.1312E-84  0.5535E-84
 -10.780  0.1312E-84  0.5562E-84
 -10.760  0.1312E-84  0.5588E-84
 -10.740  0.1312E-84  0.5614E-84
 -10.720  0.1312E-84  0.5640E-84
 -10.700  0.1312E-84  0.5666E-84
 -10.680  0.1312E-84  0.5693E-84
 -10.660  0.1312E-84  0.5719E-84
 -10.640  0.1312E-84  0.5745E-84
 -10.620  0.1312E-84  0.5771E-84
 -10.600  0.1312E-84  0.5798E-84
 -10.580  0.1312E-84  0.5824E-84
 -10.560  0.1312E-84  0.5850E-84
 -10.540  0.1312E-84  0.5876E-84
 -10.520  0.1312E-84  0.5903E-84
 -10.500  0.1312E-84  0.5929E-84
 -10.480  0.1312E-84  0.5955E-84
 -10.460  0.1312E-84  0.5981E-84
 -10.440  0.1312E-84  0.6008E-84
 -10.420  0.1312E-84  0.6034E-84
 -10.400  0.1312E-84  0.6060E-84
 -10.380  0.1312E-84  0.6086E-84
 -10.360  0.1312E-84  0.6112E-84
 -10.340  0.1312E-84  0.6139E-84
 -10.320  0.1312E-84  0.6165E-84
 -10.300  0.1312E-84  0.6191E-84
 -10.280  0.1312E-84  0.6217E-84
 -10.260  0.1312E-84  0.6244E-84
 -10.240  0.1312E-84  0.6270E-84
 -10.220  0.1312E-84  0.6296E-84
 -10.200  0.1312E-84  0.6322E-84
 -10.180  0.1312E-84  0.6349E-84
 -10.160  0.1312E-84  0.6375E-84
 -10.140  0.1312E-84  0.6401E-84
 -10.120  0.1312E-84  0.6427E-84
 -10.100  0.1312E-84  0.6453E-84
 -10.080  0.1312E-84  0.6480E-84
 -10.060  0.1312E-84  0.6506E-84
 -10.040  0.1312E-84  0.6532E-84
 -10.020  0.1312E-84  0.6558E-84
 -10.000  0.1312E-84  0.6585E-84
  -9.980  0.1312E-84  0.6611E-84
  -9.960  0.1312E-84  0.6637E-84
  -9.940  0.1312E-84  0.6663E-84
  -9.920  0.1312E-84  0.6690E-84
  -9.900  0.1312E-84  0.6716E-84
  -9.880  0.1312E-84  0.6742E-84
  -9.860  0.1312E-84  0.6768E-84
  -9.840  0.1312E-84  0.6795E-84
  -9.820  0.1312E-84  0.6821E-84
  -9.800  0.1312E-84  0.6847E-84
  -9.780  0.1312E-84  0.6873E-84
  -9.760  0.1312E-84  0.6899E-84
  -9.740  0.1312E-84  0.6926E-84
  -9.720  0.1312E-84  0.6952E-84
  -9.700  0.1312E-84  0.6978E-84
  -9.680  0.1312E-84  0.7004E-84
  -9.660  0.1312E-84  0.7031E-84
  -9.640  0.1312E-84  0.7057E-84
  -9.620  0.1312E-84  0.7083E-84
  -9.600  0.1312E-84  0.7109E-84
  -9.580  0.1312E-84  0.7136E-84
  -9.560  0.1312E-84  0.7162E-84
  -9.540  0.1312E-84  0.7188E-84
  -9.520  0.1312E-84  0.7214E-84
  -9.500  0.1312E-84  0.7241E-84
  -9.480  0.1312E-84  0.7267E-84
  -9.460  0.1312E-84  0.7293E-84
  -9.440  0.1312E-84  0.7319E-84
  -9.420  0.1312E-84  0.7345E-84
  -9.400  0.1312E-84  0.7372E-84
  -9.380  0.1312E-84  0.7398E-84
  -9.360  0.1312E-84  0.7424E-84
  -9.340  0.1312E-84  0.7450E-84
  -9.320  0.1312E-84  0.7477E-84
  -9.300  0.1312E-84  0.7503E-84
  -9.280  0.1312E-84  0.7529E-84
  -9.260  0.1312E-84  0.7555E-84
  -9.240  0.1312E-84  0.7582E-84
  -9.220  0.1312E-84  0.7608E-84
  -9.200  0.1312E-84  0.7634E-84
  -9.180  0.1312E-84  0.7660E-84
  -9.160  0.1312E-84  0.7686E-84
  -9.140  0.1312E-84  0.7713E-84
  -9.120  0.1312E-84  0.7739E-84
  -9.100  0.1312E-84  0.7765E-84
  -9.080  0.1312E-84  0.7791E-84
  -9.060  0.1312E-84  0.7818E-84
  -9.040  0.1312E-84  0.7844E-84
  -9.020  0.1312E-84  0.7870E-84
  -9.000  0.1312E-84  0.7896E-84
  -8.980  0.1312E-84  0.7923E-84
  -8.960  0.1312E-84  0.7949E-84
  -8.940  0.1312E-84  0.7975E-84
  -8.920  0.1312E-84  0.8001E-84
  -8.900  0.1312E-84  0.8028E-84
  -8.880  0.1312E-84  0.8054E-84
  -8.860  0.1312E-84  0.8080E-84
  -8.840  0.1312E-84  0.8106E-84
  -8.820  0.1312E-84  0.8132E-84
  -8.800  0.1312E-84  0.8159E-84
  -8.780  0.1312E-84  0.8185E-84
  -8.760  0.1312E-84  0.8211E-84
  -8.740  0.1312E-84  0.8237E-84
  -8.720  0.1312E-84  0.8264E-84
  -8.700  0.1312E-84  0.8290E-84
  -8.680  0.1312E-84  0.8316E-84
  -8.660  0.1312E-84  0.8342E-84
  -8.640  0.1312E-84  0.8369E-84
  -8.620  0.1312E-84  0.8395E-84
  -8.600  0.1312E-84  0.8421E-84
  -8.580  0.1312E-84  0.8447E-84
  -8.560  0.1312E-84  0.8473E-84
  -8.540  0.1312E-84  0.8500E-84
  -8.520  0.1312E-84  0.8526E-84
  -8.500  0.1312E-84  0.8552E-84
  -8.480  0.1312E-84  0.8578E-84
  -8.460  0.1312E-84  0.8605E-84
  -8.440  0.1312E-84  0.8631E-84
  -8.420  0.1312E-84  0.8657E-84
  -8.400  0.1312E-84  0.8683E-84
  -8.380  0.1312E-84  0.8710E-84
  -8.360  0.1312E-84  0.8736E-84
  -8.340  0.1312E-84  0.8762E-84
  -8.320  0.1312E-84  0.8788E-84
  -8.300  0.1312E-84  0.8815E-84
  -8.280  0.1312E-84  0.8841E-84
  -8.260  0.1312E-84  0.8867E-84
  -8.240  0.1312E-84  0.8893E-84
  -8.220  0.1312E-84  0.8919E-84
  -8.200  0.1312E-84  0.8946E-84
  -8.180  0.1312E-84  0.8972E-84
  -8.160  0.1312E-84  0.8998E-84
  -8.140  0.1312E-84  0.9024E-84
  -8.120  0.1312E-84  0.9051E-84
  -8.100  0.1312E-84  0.9077E-84
  -8.080  0.1312E-84  0.9103E-84
  -8.060  0.1312E-84  0.9129E-84
  -8.040  0.1312E-84  0.9156E-84
  -8.020  0.1312E-84  0.9182E-84
  -8.000  0.1312E-84  0.9208E-84
  -7.980  0.1312E-84  0.9234E-84
  -7.960  0.1312E-84  0.9261E-84
  -7.940  0.1312E-84  0.9287E-84
  -7.920  0.1312E-84  0.9313E-84
  -7.900  0.1312E-84  0.9339E-84
  -7.880  0.1312E-84  0.9365E-84
  -7.860  0.1312E-84  0.9392E-84
  -7.840  0.1312E-84  0.9418E-84
  -7.820  0.1312E-84  0.9444E-84
  -7.800  0.1312E-84  0.9470E-84
  -7.780  0.1312E-84  0.9497E-84
  -7.760  0.1312E-84  0.9523E-84
  -7.740  0.1312E-84  0.9549E-84
  -7.720  0.1312E-84  0.9575E-84
  -7.700  0.1312E-84  0.9602E-84
  -7.680  0.1312E-84  0.9628E-84
  -7.660  0.1312E-84  0.9654E-84
  -7.640  0.1312E-84  0.9680E-84
  -7.620  0.1312E-84  0.9706E-84
  -7.600  0.1312E-84  0.9733E-84
  -7.580  0.1312E-84  0.9759E-84
  -7.560  0.1312E-84  0.9785E-84
  -7.540  0.1312E-84  0.9811E-84
  -7.520  0.1312E-84  0.9838E-84
  -7.500  0.1312E-84  0.9864E-84
  -7.480  0.1312E-84  0.9890E-84
  -7.460  0.1312E-84  0.9916E-84
  -7.440  0.1312E-84  0.9943E-84
  -7.420  0.1312E-84  0.9969E-84
  -7.400  0.1312E-84  0.9995E-84
  -7.380  0.1312E-84  0.1002E-83
  -7.360  0.1312E-84  0.1005E-83
  -7.340  0.1312E-84  0.1007E-83
  -7.320  0.1312E-84  0.1010E-83
  -7.300  0.1312E-84  0.1013E-83
  -7.280  0.1312E-84  0.1015E-83
  -7.260  0.1312E-84  0.1018E-83
  -7.240  0.1312E-84  0.1020E-83
  -7.220  0.1312E-84  0.1023E-83
  -7.200  0.1312E-84  0.1026E-83
  -7.180  0.1312E-84  0.1028E-83
  -7.160  0.1312E-84  0.1031E-83
  -7.140  0.1312E-84  0.1034E-83
  -7.120  0.1312E-84  0.1036E-83
  -7.100  0.1312E-84  0.1039E-83
  -7.080  0.1402E-84  0.1042E-83
  -7.060  0.3111E-83  0.1104E-83
  -7.040  0.8947E-81  0.1900E-82
  -7.020  0.2459E-78  0.4937E-80
  -7.000  0.6188E-76  0.1243E-77
  -6.980  0.1426E-73  0.2864E-75
  -6.960  0.3008E-71  0.6045E-73
  -6.940  0.5810E-69  0.1168E-70
  -6.920  0.1027E-66  0.2067E-68
  -6.900  0.1664E-64  0.3348E-66
  -6.880  0.2466E-62  0.4966E-64
  -6.860  0.3348E-60  0.6745E-62
  -6.840  0.4160E-58  0.8388E-60
  -6.820  0.4734E-56  0.9552E-58
  -6.800  0.4932E-54  0.9959E-56
  -6.780  0.4704E-52  0.9508E-54
  -6.760  0.4108E-50  0.8311E-52
  -6.740  0.3285E-48  0.6653E-50
  -6.720  0.2405E-46  0.4876E-48
  -6.700  0.1612E-44  0.3273E-46
  -6.680  0.9892E-43  0.2011E-44
  -6.660  0.5559E-41  0.1132E-42
  -6.640  0.2860E-39  0.5832E-41
  -6.620  0.1347E-37  0.2752E-39
  -6.600  0.5809E-36  0.1189E-37
  -6.580  0.2294E-34  0.4706E-36
  -6.560  0.8293E-33  0.1706E-34
  -6.540  0.2745E-31  0.5660E-33
  -6.520  0.8319E-30  0.1720E-31
  -6.500  0.2308E-28  0.4789E-30
  -6.480  0.5864E-27  0.1221E-28
  -6.460  0.1364E-25  0.2850E-27
  -6.440  0.2905E-24  0.6095E-26
  -6.420  0.5665E-23  0.1194E-24
  -6.400  0.1011E-21  0.2142E-23
  -6.380  0.1653E-20  0.3520E-22
  -6.360  0.2474E-19  0.5300E-21
  -6.340  0.3390E-18  0.7310E-20
  -6.320  0.4253E-17  0.9237E-19
  -6.300  0.4886E-16  0.1069E-17
  -6.280  0.5138E-15  0.1135E-16
  -6.260  0.4948E-14  0.1103E-15
  -6.240  0.4362E-13  0.9828E-15
  -6.220  0.3522E-12  0.8026E-14
  -6.200  0.2603E-11  0.6009E-13
  -6.180  0.1762E-10  0.4125E-12
  -6.160  0.1092E-09  0.2596E-11
  -6.140  0.6197E-09  0.1499E-10
  -6.120  0.3221E-08  0.7941E-10
  -6.100  0.1533E-07  0.3861E-09
  -6.080  0.6686E-07  0.1723E-08
  -6.060  0.2672E-06  0.7067E-08
  -6.040  0.9789E-06  0.2665E-07
  -6.020  0.3290E-05  0.9244E-07
  -6.000  0.1015E-04  0.2955E-06
  -5.980  0.2880E-04  0.8714E-06
  -5.960  0.7527E-04  0.2377E-05
  -5.940  0.1818E-03  0.6013E-05
  -5.920  0.4073E-03  0.1416E-04
  -5.900  0.8511E-03  0.3118E-04
  -5.880  0.1670E-02  0.6458E-04
  -5.860  0.3098E-02  0.1265E-03
  -5.840  0.5475E-02  0.2360E-03
  -5.820  0.9266E-02  0.4213E-03
  -5.800  0.1505E-01  0.7223E-03
  -5.780  0.2341E-01  0.1190E-02
  -5.760  0.3472E-01  0.1885E-02
  -5.740  0.4882E-01  0.2861E-02
  -5.720  0.6470E-01  0.4155E-02
  -5.700  0.8055E-01  0.5766E-02
  -5.680  0.9417E-01  0.7650E-02
  -5.660  0.1038E+00  0.9726E-02
  -5.640  0.1091E+00  0.1191E-01
  -5.620  0.1114E+00  0.1414E-01
  -5.600  0.1133E+00  0.1640E-01
  -5.580  0.1179E+00  0.1876E-01
  -5.560  0.1279E+00  0.2132E-01
  -5.540  0.1441E+00  0.2420E-01
  -5.520  0.1662E+00  0.2752E-01
  -5.500  0.1919E+00  0.3136E-01
  -5.480  0.2178E+00  0.3572E-01
  -5.460  0.2392E+00  0.4050E-01
  -5.440  0.2513E+00  0.4553E-01
  -5.420  0.2508E+00  0.5054E-01
  -5.400  0.2369E+00  0.5528E-01
  -5.380  0.2126E+00  0.5954E-01
  -5.360  0.1840E+00  0.6322E-01
  -5.340  0.1589E+00  0.6639E-01
  -5.320  0.1444E+00  0.6928E-01
  -5.300  0.1453E+00  0.7219E-01
  -5.280  0.1636E+00  0.7546E-01
  -5.260  0.1973E+00  0.7941E-01
  -5.240  0.2414E+00  0.8423E-01
  -5.220  0.2878E+00  0.8999E-01
  -5.200  0.3277E+00  0.9654E-01
  -5.180  0.3534E+00  0.1036E+00
  -5.160  0.3615E+00  0.1108E+00
  -5.140  0.3538E+00  0.1179E+00
  -5.120  0.3368E+00  0.1247E+00
  -5.100  0.3185E+00  0.1310E+00
  -5.080  0.3057E+00  0.1371E+00
  -5.060  0.3013E+00  0.1432E+00
  -5.040  0.3044E+00  0.1493E+00
  -5.020  0.3113E+00  0.1555E+00
  -5.000  0.3169E+00  0.1618E+00
  -4.980  0.3165E+00  0.1682E+00
  -4.960  0.3066E+00  0.1743E+00
  -4.940  0.2868E+00  0.1800E+00
  -4.920  0.2598E+00  0.1852E+00
  -4.900  0.2318E+00  0.1899E+00
  -4.880  0.2108E+00  0.1941E+00
  -4.860  0.2050E+00  0.1982E+00
  -4.840  0.2204E+00  0.2026E+00
  -4.820  0.2595E+00  0.2078E+00
  -4.800  0.3199E+00  0.2142E+00
  -4.780  0.3941E+00  0.2220E+00
  -4.760  0.4697E+00  0.2314E+00
  -4.740  0.5316E+00  0.2421E+00
  -4.720  0.5664E+00  0.2534E+00
  -4.700  0.5671E+00  0.2647E+00
  -4.680  0.5364E+00  0.2755E+00
  -4.660  0.4860E+00  0.2852E+00
  -4.640  0.4323E+00  0.2938E+00
  -4.620  0.3903E+00  0.3016E+00
  -4.600  0.3689E+00  0.3090E+00
  -4.580  0.3685E+00  0.3164E+00
  -4.560  0.3830E+00  0.3241E+00
  -4.540  0.4026E+00  0.3321E+00
  -4.520  0.4175E+00  0.3405E+00
  -4.500  0.4204E+00  0.3489E+00
  -4.480  0.4079E+00  0.3570E+00
  -4.460  0.3808E+00  0.3646E+00
  -4.440  0.3439E+00  0.3715E+00
  -4.420  0.3051E+00  0.3776E+00
  -4.400  0.2739E+00  0.3831E+00
  -4.380  0.2593E+00  0.3883E+00
  -4.360  0.2679E+00  0.3936E+00
  -4.340  0.3022E+00  0.3997E+00
  -4.320  0.3589E+00  0.4069E+00
  -4.300  0.4295E+00  0.4155E+00
  -4.280  0.5022E+00  0.4255E+00
  -4.260  0.5659E+00  0.4368E+00
  -4.240  0.6134E+00  0.4491E+00
  -4.220  0.6436E+00  0.4620E+00
  -4.200  0.6604E+00  0.4752E+00
  -4.180  0.6698E+00  0.4886E+00
  -4.160  0.6760E+00  0.5021E+00
  -4.140  0.6803E+00  0.5157E+00
  -4.120  0.6806E+00  0.5293E+00
  -4.100  0.6731E+00  0.5428E+00
  -4.080  0.6539E+00  0.5558E+00
  -4.060  0.6201E+00  0.5682E+00
  -4.040  0.5714E+00  0.5797E+00
  -4.020  0.5114E+00  0.5899E+00
  -4.000  0.4483E+00  0.5989E+00
  -3.980  0.3931E+00  0.6067E+00
  -3.960  0.3567E+00  0.6139E+00
  -3.940  0.3453E+00  0.6208E+00
  -3.920  0.3580E+00  0.6279E+00
  -3.900  0.3871E+00  0.6357E+00
  -3.880  0.4215E+00  0.6441E+00
  -3.860  0.4515E+00  0.6531E+00
  -3.840  0.4727E+00  0.6626E+00
  -3.820  0.4872E+00  0.6723E+00
  -3.800  0.5018E+00  0.6824E+00
  -3.780  0.5247E+00  0.6928E+00
  -3.760  0.5617E+00  0.7041E+00
  -3.740  0.6141E+00  0.7164E+00
  -3.720  0.6778E+00  0.7299E+00
  -3.700  0.7437E+00  0.7448E+00
  -3.680  0.7999E+00  0.7608E+00
  -3.660  0.8358E+00  0.7775E+00
  -3.640  0.8469E+00  0.7944E+00
  -3.620  0.8373E+00  0.8112E+00
  -3.600  0.8184E+00  0.8276E+00
  -3.580  0.8042E+00  0.8436E+00
  -3.560  0.8042E+00  0.8597E+00
  -3.540  0.8199E+00  0.8761E+00
  -3.520  0.8453E+00  0.8930E+00
  -3.500  0.8714E+00  0.9105E+00
  -3.480  0.8903E+00  0.9283E+00
  -3.460  0.8972E+00  0.9462E+00
  -3.440  0.8899E+00  0.9640E+00
  -3.420  0.8674E+00  0.9814E+00
  -3.400  0.8294E+00  0.9979E+00
  -3.380  0.7779E+00  0.1013E+01
  -3.360  0.7176E+00  0.1028E+01
  -3.340  0.6562E+00  0.1041E+01
  -3.320  0.6024E+00  0.1053E+01
  -3.300  0.5645E+00  0.1064E+01
  -3.280  0.5492E+00  0.1075E+01
  -3.260  0.5610E+00  0.1087E+01
  -3.240  0.6015E+00  0.1099E+01
  -3.220  0.6675E+00  0.1112E+01
  -3.200  0.7511E+00  0.1127E+01
  -3.180  0.8407E+00  0.1144E+01
  -3.160  0.9241E+00  0.1162E+01
  -3.140  0.9920E+00  0.1182E+01
  -3.120  0.1039E+01  0.1203E+01
  -3.100  0.1064E+01  0.1224E+01
  -3.080  0.1064E+01  0.1245E+01
  -3.060  0.1039E+01  0.1266E+01
  -3.040  0.9865E+00  0.1286E+01
  -3.020  0.9132E+00  0.1304E+01
  -3.000  0.8305E+00  0.1321E+01
  -2.980  0.7544E+00  0.1336E+01
  -2.960  0.6991E+00  0.1350E+01
  -2.940  0.6715E+00  0.1363E+01
  -2.920  0.6682E+00  0.1377E+01
  -2.900  0.6784E+00  0.1390E+01
  -2.880  0.6889E+00  0.1404E+01
  -2.860  0.6897E+00  0.1418E+01
  -2.840  0.6778E+00  0.1431E+01
  -2.820  0.6569E+00  0.1444E+01
  -2.800  0.6339E+00  0.1457E+01
  -2.780  0.6145E+00  0.1469E+01
  -2.760  0.6001E+00  0.1481E+01
  -2.740  0.5873E+00  0.1493E+01
  -2.720  0.5706E+00  0.1505E+01
  -2.700  0.5477E+00  0.1516E+01
  -2.680  0.5227E+00  0.1526E+01
  -2.660  0.5065E+00  0.1536E+01
  -2.640  0.5129E+00  0.1546E+01
  -2.620  0.5525E+00  0.1557E+01
  -2.600  0.6271E+00  0.1570E+01
  -2.580  0.7268E+00  0.1585E+01
  -2.560  0.8317E+00  0.1601E+01
  -2.540  0.9170E+00  0.1620E+01
  -2.520  0.9597E+00  0.1639E+01
  -2.500  0.9456E+00  0.1658E+01
  -2.480  0.8726E+00  0.1675E+01
  -2.460  0.7519E+00  0.1690E+01
  -2.440  0.6041E+00  0.1702E+01
  -2.420  0.4540E+00  0.1711E+01
  -2.400  0.3235E+00  0.1718E+01
  -2.380  0.2286E+00  0.1722E+01
  -2.360  0.1772E+00  0.1726E+01
  -2.340  0.1708E+00  0.1729E+01
  -2.320  0.2050E+00  0.1733E+01
  -2.300  0.2713E+00  0.1739E+01
  -2.280  0.3571E+00  0.1746E+01
  -2.260  0.4472E+00  0.1755E+01
  -2.240  0.5266E+00  0.1765E+01
  -2.220  0.5842E+00  0.1777E+01
  -2.200  0.6158E+00  0.1789E+01
  -2.180  0.6236E+00  0.1802E+01
  -2.160  0.6149E+00  0.1814E+01
  -2.140  0.5981E+00  0.1826E+01
  -2.120  0.5804E+00  0.1838E+01
  -2.100  0.5670E+00  0.1849E+01
  -2.080  0.5607E+00  0.1860E+01
  -2.060  0.5610E+00  0.1872E+01
  -2.040  0.5639E+00  0.1883E+01
  -2.020  0.5616E+00  0.1894E+01
  -2.000  0.5451E+00  0.1905E+01
  -1.980  0.5080E+00  0.1915E+01
  -1.960  0.4490E+00  0.1924E+01
  -1.940  0.3736E+00  0.1932E+01
  -1.920  0.2919E+00  0.1937E+01
  -1.900  0.2153E+00  0.1942E+01
  -1.880  0.1526E+00  0.1945E+01
  -1.860  0.1090E+00  0.1947E+01
  -1.840  0.8448E-01  0.1949E+01
  -1.820  0.7584E-01  0.1950E+01
  -1.800  0.7764E-01  0.1952E+01
  -1.780  0.8416E-01  0.1953E+01
  -1.760  0.9095E-01  0.1955E+01
  -1.740  0.9606E-01  0.1957E+01
  -1.720  0.1004E+00  0.1959E+01
  -1.700  0.1071E+00  0.1961E+01
  -1.680  0.1201E+00  0.1964E+01
  -1.660  0.1419E+00  0.1966E+01
  -1.640  0.1726E+00  0.1970E+01
  -1.620  0.2096E+00  0.1974E+01
  -1.600  0.2481E+00  0.1979E+01
  -1.580  0.2833E+00  0.1985E+01
  -1.560  0.3111E+00  0.1991E+01
  -1.540  0.3292E+00  0.1998E+01
  -1.520  0.3364E+00  0.2004E+01
  -1.500  0.3325E+00  0.2011E+01
  -1.480  0.3179E+00  0.2017E+01
  -1.460  0.2942E+00  0.2023E+01
  -1.440  0.2642E+00  0.2028E+01
  -1.420  0.2314E+00  0.2033E+01
  -1.400  0.1994E+00  0.2037E+01
  -1.380  0.1700E+00  0.2040E+01
  -1.360  0.1437E+00  0.2043E+01
  -1.340  0.1196E+00  0.2046E+01
  -1.320  0.9681E-01  0.2048E+01
  -1.300  0.7515E-01  0.2049E+01
  -1.280  0.5537E-01  0.2050E+01
  -1.260  0.3880E-01  0.2051E+01
  -1.240  0.2681E-01  0.2052E+01
  -1.220  0.2057E-01  0.2052E+01
  -1.200  0.2110E-01  0.2052E+01
  -1.180  0.2955E-01  0.2053E+01
  -1.160  0.4731E-01  0.2054E+01
  -1.140  0.7586E-01  0.2056E+01
  -1.120  0.1167E+00  0.2058E+01
  -1.100  0.1714E+00  0.2061E+01
  -1.080  0.2418E+00  0.2066E+01
  -1.060  0.3300E+00  0.2073E+01
  -1.040  0.4371E+00  0.2081E+01
  -1.020  0.5604E+00  0.2093E+01
  -1.000  0.6903E+00  0.2106E+01
  -0.980  0.8099E+00  0.2123E+01
  -0.960  0.8977E+00  0.2141E+01
  -0.940  0.9352E+00  0.2159E+01
  -0.920  0.9137E+00  0.2178E+01
  -0.900  0.8389E+00  0.2194E+01
  -0.880  0.7282E+00  0.2209E+01
  -0.860  0.6055E+00  0.2221E+01
  -0.840  0.4937E+00  0.2231E+01
  -0.820  0.4102E+00  0.2239E+01
  -0.800  0.3659E+00  0.2246E+01
  -0.780  0.3663E+00  0.2254E+01
  -0.760  0.4120E+00  0.2262E+01
  -0.740  0.5005E+00  0.2272E+01
  -0.720  0.6259E+00  0.2285E+01
  -0.700  0.7794E+00  0.2300E+01
  -0.680  0.9495E+00  0.2319E+01
  -0.660  0.1123E+01  0.2342E+01
  -0.640  0.1287E+01  0.2367E+01
  -0.620  0.1428E+01  0.2396E+01
  -0.600  0.1533E+01  0.2427E+01
  -0.580  0.1593E+01  0.2458E+01
  -0.560  0.1600E+01  0.2490E+01
  -0.540  0.1554E+01  0.2521E+01
  -0.520  0.1462E+01  0.2551E+01
  -0.500  0.1340E+01  0.2578E+01
  -0.480  0.1210E+01  0.2602E+01
  -0.460  0.1093E+01  0.2624E+01
  -0.440  0.1005E+01  0.2644E+01
  -0.420  0.9517E+00  0.2663E+01
  -0.400  0.9292E+00  0.2681E+01
  -0.380  0.9257E+00  0.2700E+01
  -0.360  0.9277E+00  0.2718E+01
  -0.340  0.9257E+00  0.2737E+01
  -0.320  0.9173E+00  0.2755E+01
  -0.300  0.9073E+00  0.2773E+01
  -0.280  0.9040E+00  0.2791E+01
  -0.260  0.9139E+00  0.2810E+01
  -0.240  0.9367E+00  0.2828E+01
  -0.220  0.9640E+00  0.2848E+01
  -0.200  0.9818E+00  0.2867E+01
  -0.180  0.9756E+00  0.2887E+01
  -0.160  0.9366E+00  0.2906E+01
  -0.140  0.8647E+00  0.2923E+01
  -0.120  0.7687E+00  0.2938E+01
  -0.100  0.6620E+00  0.2952E+01
  -0.080  0.5586E+00  0.2963E+01
  -0.060  0.4687E+00  0.2972E+01
  -0.040  0.3974E+00  0.2980E+01
  -0.020  0.3463E+00  0.2987E+01
   0.000  0.3158E+00  0.2993E+01
   0.020  0.3078E+00  0.2999E+01
   0.040  0.3263E+00  0.3006E+01
   0.060  0.3759E+00  0.3013E+01
   0.080  0.4582E+00  0.3023E+01
   0.100  0.5682E+00  0.3034E+01
   0.120  0.6920E+00  0.3048E+01
   0.140  0.8073E+00  0.3064E+01
   0.160  0.8884E+00  0.3082E+01
   0.180  0.9135E+00  0.3100E+01
   0.200  0.8728E+00  0.3117E+01
   0.220  0.7726E+00  0.3133E+01
   0.240  0.6337E+00  0.3146E+01
   0.260  0.4843E+00  0.3155E+01
   0.280  0.3510E+00  0.3162E+01
   0.300  0.2523E+00  0.3167E+01
   0.320  0.1956E+00  0.3171E+01
   0.340  0.1794E+00  0.3175E+01
   0.360  0.1970E+00  0.3179E+01
   0.380  0.2404E+00  0.3184E+01
   0.400  0.3036E+00  0.3190E+01
   0.420  0.3829E+00  0.3197E+01
   0.440  0.4754E+00  0.3207E+01
   0.460  0.5762E+00  0.3218E+01
   0.480  0.6751E+00  0.3232E+01
   0.500  0.7567E+00  0.3247E+01
   0.520  0.8037E+00  0.3263E+01
   0.540  0.8026E+00  0.3279E+01
   0.560  0.7502E+00  0.3294E+01
   0.580  0.6563E+00  0.3307E+01
   0.600  0.5409E+00  0.3318E+01
   0.620  0.4277E+00  0.3327E+01
   0.640  0.3369E+00  0.3333E+01
   0.660  0.2790E+00  0.3339E+01
   0.680  0.2538E+00  0.3344E+01
   0.700  0.2520E+00  0.3349E+01
   0.720  0.2603E+00  0.3354E+01
   0.740  0.2667E+00  0.3360E+01
   0.760  0.2650E+00  0.3365E+01
   0.780  0.2560E+00  0.3370E+01
   0.800  0.2464E+00  0.3375E+01
   0.820  0.2453E+00  0.3380E+01
   0.840  0.2598E+00  0.3385E+01
   0.860  0.2915E+00  0.3391E+01
   0.880  0.3360E+00  0.3398E+01
   0.900  0.3836E+00  0.3405E+01
   0.920  0.4230E+00  0.3414E+01
   0.940  0.4445E+00  0.3423E+01
   0.960  0.4434E+00  0.3431E+01
   0.980  0.4199E+00  0.3440E+01
   1.000  0.3784E+00  0.3447E+01
   1.020  0.3259E+00  0.3454E+01
   1.040  0.2699E+00  0.3459E+01
   1.060  0.2184E+00  0.3464E+01
   1.080  0.1788E+00  0.3467E+01
   1.100  0.1578E+00  0.3470E+01
   1.120  0.1602E+00  0.3474E+01
   1.140  0.1871E+00  0.3477E+01
   1.160  0.2354E+00  0.3482E+01
   1.180  0.2972E+00  0.3488E+01
   1.200  0.3619E+00  0.3495E+01
   1.220  0.4192E+00  0.3504E+01
   1.240  0.4617E+00  0.3513E+01
   1.260  0.4869E+00  0.3523E+01
   1.280  0.4956E+00  0.3533E+01
   1.300  0.4901E+00  0.3542E+01
   1.320  0.4713E+00  0.3552E+01
   1.340  0.4392E+00  0.3561E+01
   1.360  0.3946E+00  0.3568E+01
   1.380  0.3413E+00  0.3575E+01
   1.400  0.2867E+00  0.3581E+01
   1.420  0.2394E+00  0.3586E+01
   1.440  0.2061E+00  0.3590E+01
   1.460  0.1884E+00  0.3594E+01
   1.480  0.1825E+00  0.3597E+01
   1.500  0.1810E+00  0.3601E+01
   1.520  0.1761E+00  0.3605E+01
   1.540  0.1632E+00  0.3608E+01
   1.560  0.1422E+00  0.3611E+01
   1.580  0.1172E+00  0.3613E+01
   1.600  0.9508E-01  0.3615E+01
   1.620  0.8368E-01  0.3617E+01
   1.640  0.9027E-01  0.3618E+01
   1.660  0.1204E+00  0.3621E+01
   1.680  0.1767E+00  0.3624E+01
   1.700  0.2570E+00  0.3629E+01
   1.720  0.3525E+00  0.3636E+01
   1.740  0.4486E+00  0.3645E+01
   1.760  0.5277E+00  0.3656E+01
   1.780  0.5749E+00  0.3668E+01
   1.800  0.5845E+00  0.3679E+01
   1.820  0.5641E+00  0.3690E+01
   1.840  0.5326E+00  0.3701E+01
   1.860  0.5143E+00  0.3711E+01
   1.880  0.5297E+00  0.3722E+01
   1.900  0.5870E+00  0.3734E+01
   1.920  0.6786E+00  0.3747E+01
   1.940  0.7836E+00  0.3763E+01
   1.960  0.8758E+00  0.3781E+01
   1.980  0.9337E+00  0.3799E+01
   2.000  0.9481E+00  0.3818E+01
   2.020  0.9244E+00  0.3837E+01
   2.040  0.8794E+00  0.3854E+01
   2.060  0.8339E+00  0.3871E+01
   2.080  0.8063E+00  0.3887E+01
   2.100  0.8085E+00  0.3903E+01
   2.120  0.8462E+00  0.3920E+01
   2.140  0.9205E+00  0.3939E+01
   2.160  0.1028E+01  0.3959E+01
   2.180  0.1162E+01  0.3982E+01
   2.200  0.1307E+01  0.4008E+01
   2.220  0.1441E+01  0.4037E+01
   2.240  0.1541E+01  0.4068E+01
   2.260  0.1584E+01  0.4100E+01
   2.280  0.1557E+01  0.4131E+01
   2.300  0.1466E+01  0.4160E+01
   2.320  0.1330E+01  0.4187E+01
   2.340  0.1179E+01  0.4210E+01
   2.360  0.1043E+01  0.4231E+01
   2.380  0.9440E+00  0.4250E+01
   2.400  0.8865E+00  0.4268E+01
   2.420  0.8621E+00  0.4285E+01
   2.440  0.8547E+00  0.4302E+01
   2.460  0.8505E+00  0.4319E+01
   2.480  0.8440E+00  0.4336E+01
   2.500  0.8401E+00  0.4353E+01
   2.520  0.8495E+00  0.4370E+01
   2.540  0.8817E+00  0.4388E+01
   2.560  0.9398E+00  0.4406E+01
   2.580  0.1019E+01  0.4427E+01
   2.600  0.1108E+01  0.4449E+01
   2.620  0.1196E+01  0.4473E+01
   2.640  0.1272E+01  0.4498E+01
   2.660  0.1330E+01  0.4525E+01
   2.680  0.1364E+01  0.4552E+01
   2.700  0.1370E+01  0.4580E+01
   2.720  0.1346E+01  0.4606E+01
   2.740  0.1287E+01  0.4632E+01
   2.760  0.1196E+01  0.4656E+01
   2.780  0.1080E+01  0.4678E+01
   2.800  0.9513E+00  0.4697E+01
   2.820  0.8293E+00  0.4713E+01
   2.840  0.7313E+00  0.4728E+01
   2.860  0.6690E+00  0.4741E+01
   2.880  0.6462E+00  0.4754E+01
   2.900  0.6597E+00  0.4767E+01
   2.920  0.7035E+00  0.4782E+01
   2.940  0.7713E+00  0.4797E+01
   2.960  0.8578E+00  0.4814E+01
   2.980  0.9575E+00  0.4833E+01
   3.000  0.1063E+01  0.4854E+01
   3.020  0.1162E+01  0.4878E+01
   3.040  0.1244E+01  0.4903E+01
   3.060  0.1297E+01  0.4929E+01
   3.080  0.1317E+01  0.4955E+01
   3.100  0.1309E+01  0.4981E+01
   3.120  0.1286E+01  0.5007E+01
   3.140  0.1265E+01  0.5032E+01
   3.160  0.1264E+01  0.5057E+01
   3.180  0.1291E+01  0.5083E+01
   3.200  0.1343E+01  0.5110E+01
   3.220  0.1410E+01  0.5138E+01
   3.240  0.1474E+01  0.5168E+01
   3.260  0.1520E+01  0.5198E+01
   3.280  0.1540E+01  0.5229E+01
   3.300  0.1530E+01  0.5260E+01
   3.320  0.1499E+01  0.5290E+01
   3.340  0.1457E+01  0.5319E+01
   3.360  0.1413E+01  0.5347E+01
   3.380  0.1375E+01  0.5374E+01
   3.400  0.1345E+01  0.5401E+01
   3.420  0.1321E+01  0.5428E+01
   3.440  0.1301E+01  0.5454E+01
   3.460  0.1293E+01  0.5480E+01
   3.480  0.1305E+01  0.5506E+01
   3.500  0.1352E+01  0.5533E+01
   3.520  0.1438E+01  0.5562E+01
   3.540  0.1554E+01  0.5593E+01
   3.560  0.1673E+01  0.5626E+01
   3.580  0.1762E+01  0.5661E+01
   3.600  0.1792E+01  0.5697E+01
   3.620  0.1753E+01  0.5732E+01
   3.640  0.1656E+01  0.5765E+01
   3.660  0.1536E+01  0.5796E+01
   3.680  0.1433E+01  0.5825E+01
   3.700  0.1383E+01  0.5852E+01
   3.720  0.1399E+01  0.5880E+01
   3.740  0.1470E+01  0.5910E+01
   3.760  0.1561E+01  0.5941E+01
   3.780  0.1628E+01  0.5974E+01
   3.800  0.1637E+01  0.6006E+01
   3.820  0.1576E+01  0.6038E+01
   3.840  0.1455E+01  0.6067E+01
   3.860  0.1302E+01  0.6093E+01
   3.880  0.1149E+01  0.6116E+01
   3.900  0.1027E+01  0.6136E+01
   3.920  0.9548E+00  0.6156E+01
   3.940  0.9436E+00  0.6174E+01
   3.960  0.9941E+00  0.6194E+01
   3.980  0.1097E+01  0.6216E+01
   4.000  0.1233E+01  0.6241E+01
   4.020  0.1373E+01  0.6268E+01
   4.040  0.1487E+01  0.6298E+01
   4.060  0.1547E+01  0.6329E+01
   4.080  0.1544E+01  0.6360E+01
   4.100  0.1484E+01  0.6390E+01
   4.120  0.1390E+01  0.6417E+01
   4.140  0.1293E+01  0.6443E+01
   4.160  0.1221E+01  0.6468E+01
   4.180  0.1187E+01  0.6491E+01
   4.200  0.1191E+01  0.6515E+01
   4.220  0.1223E+01  0.6540E+01
   4.240  0.1265E+01  0.6565E+01
   4.260  0.1301E+01  0.6591E+01
   4.280  0.1319E+01  0.6617E+01
   4.300  0.1314E+01  0.6644E+01
   4.320  0.1287E+01  0.6669E+01
   4.340  0.1246E+01  0.6694E+01
   4.360  0.1201E+01  0.6718E+01
   4.380  0.1162E+01  0.6742E+01
   4.400  0.1137E+01  0.6764E+01
   4.420  0.1132E+01  0.6787E+01
   4.440  0.1150E+01  0.6810E+01
   4.460  0.1193E+01  0.6834E+01
   4.480  0.1259E+01  0.6859E+01
   4.500  0.1345E+01  0.6886E+01
   4.520  0.1444E+01  0.6915E+01
   4.540  0.1541E+01  0.6946E+01
   4.560  0.1622E+01  0.6978E+01
   4.580  0.1671E+01  0.7012E+01
   4.600  0.1675E+01  0.7045E+01
   4.620  0.1625E+01  0.7078E+01
   4.640  0.1521E+01  0.7108E+01
   4.660  0.1372E+01  0.7135E+01
   4.680  0.1196E+01  0.7159E+01
   4.700  0.1020E+01  0.7180E+01
   4.720  0.8716E+00  0.7197E+01
   4.740  0.7767E+00  0.7213E+01
   4.760  0.7485E+00  0.7228E+01
   4.780  0.7874E+00  0.7243E+01
   4.800  0.8814E+00  0.7261E+01
   4.820  0.1010E+01  0.7281E+01
   4.840  0.1150E+01  0.7304E+01
   4.860  0.1275E+01  0.7330E+01
   4.880  0.1363E+01  0.7357E+01
   4.900  0.1398E+01  0.7385E+01
   4.920  0.1372E+01  0.7412E+01
   4.940  0.1289E+01  0.7438E+01
   4.960  0.1164E+01  0.7461E+01
   4.980  0.1019E+01  0.7482E+01
   5.000  0.8739E+00  0.7499E+01
   5.020  0.7453E+00  0.7514E+01
   5.040  0.6418E+00  0.7527E+01
   5.060  0.5664E+00  0.7538E+01
   5.080  0.5193E+00  0.7549E+01
   5.100  0.5016E+00  0.7559E+01
   5.120  0.5152E+00  0.7569E+01
   5.140  0.5608E+00  0.7580E+01
   5.160  0.6347E+00  0.7593E+01
   5.180  0.7257E+00  0.7608E+01
   5.200  0.8157E+00  0.7624E+01
   5.220  0.8847E+00  0.7642E+01
   5.240  0.9169E+00  0.7660E+01
   5.260  0.9056E+00  0.7678E+01
   5.280  0.8555E+00  0.7695E+01
   5.300  0.7801E+00  0.7711E+01
   5.320  0.6969E+00  0.7725E+01
   5.340  0.6218E+00  0.7737E+01
   5.360  0.5658E+00  0.7748E+01
   5.380  0.5335E+00  0.7759E+01
   5.400  0.5236E+00  0.7770E+01
   5.420  0.5308E+00  0.7780E+01
   5.440  0.5478E+00  0.7791E+01
   5.460  0.5666E+00  0.7802E+01
   5.480  0.5797E+00  0.7814E+01
   5.500  0.5818E+00  0.7826E+01
   5.520  0.5701E+00  0.7837E+01
   5.540  0.5450E+00  0.7848E+01
   5.560  0.5092E+00  0.7858E+01
   5.580  0.4666E+00  0.7867E+01
   5.600  0.4208E+00  0.7876E+01
   5.620  0.3749E+00  0.7883E+01
   5.640  0.3322E+00  0.7890E+01
   5.660  0.2961E+00  0.7896E+01
   5.680  0.2703E+00  0.7901E+01
   5.700  0.2573E+00  0.7907E+01
   5.720  0.2570E+00  0.7912E+01
   5.740  0.2662E+00  0.7917E+01
   5.760  0.2794E+00  0.7923E+01
   5.780  0.2905E+00  0.7928E+01
   5.800  0.2946E+00  0.7934E+01
   5.820  0.2883E+00  0.7940E+01
   5.840  0.2708E+00  0.7945E+01
   5.860  0.2428E+00  0.7950E+01
   5.880  0.2074E+00  0.7954E+01
   5.900  0.1694E+00  0.7958E+01
   5.920  0.1347E+00  0.7961E+01
   5.940  0.1093E+00  0.7963E+01
   5.960  0.9735E-01  0.7965E+01
   5.980  0.1005E+00  0.7967E+01
   6.000  0.1170E+00  0.7969E+01
   6.020  0.1416E+00  0.7972E+01
   6.040  0.1671E+00  0.7975E+01
   6.060  0.1858E+00  0.7979E+01
   6.080  0.1923E+00  0.7983E+01
   6.100  0.1844E+00  0.7986E+01
   6.120  0.1642E+00  0.7990E+01
   6.140  0.1366E+00  0.7992E+01
   6.160  0.1072E+00  0.7995E+01
   6.180  0.8049E-01  0.7996E+01
   6.200  0.5874E-01  0.7997E+01
   6.220  0.4227E-01  0.7998E+01
   6.240  0.3017E-01  0.7999E+01
   6.260  0.2124E-01  0.7999E+01
   6.280  0.1454E-01  0.8000E+01
   6.300  0.9523E-02  0.8000E+01
   6.320  0.5877E-02  0.8000E+01
   6.340  0.3382E-02  0.8000E+01
   6.360  0.1801E-02  0.8000E+01
   6.380  0.8842E-03  0.8000E+01
   6.400  0.3989E-03  0.8000E+01
   6.420  0.1652E-03  0.8000E+01
   6.440  0.6276E-04  0.8000E+01
   6.460  0.2219E-04  0.8000E+01
   6.480  0.8539E-05  0.8000E+01
   6.500  0.7853E-05  0.8000E+01
   6.520  0.2001E-04  0.8000E+01
   6.540  0.5969E-04  0.8000E+01
   6.560  0.1668E-03  0.8000E+01
   6.580  0.4277E-03  0.8000E+01
   6.600  0.1004E-02  0.8000E+01
   6.620  0.2160E-02  0.8000E+01
   6.640  0.4255E-02  0.8000E+01
   6.660  0.7682E-02  0.8000E+01
   6.680  0.1272E-01  0.8001E+01
   6.700  0.1934E-01  0.8001E+01
   6.720  0.2711E-01  0.8001E+01
   6.740  0.3520E-01  0.8002E+01
   6.760  0.4283E-01  0.8003E+01
   6.780  0.4971E-01  0.8004E+01
   6.800  0.5664E-01  0.8005E+01
   6.820  0.6553E-01  0.8006E+01
   6.840  0.7894E-01  0.8008E+01
   6.860  0.9903E-01  0.8010E+01
   6.880  0.1264E+00  0.8013E+01
   6.900  0.1594E+00  0.8016E+01
   6.920  0.1941E+00  0.8020E+01
   6.940  0.2255E+00  0.8024E+01
   6.960  0.2493E+00  0.8029E+01
   6.980  0.2638E+00  0.8034E+01
   7.000  0.2703E+00  0.8040E+01
   7.020  0.2723E+00  0.8045E+01
   7.040  0.2736E+00  0.8051E+01
   7.060  0.2762E+00  0.8056E+01
   7.080  0.2787E+00  0.8062E+01
   7.100  0.2778E+00  0.8067E+01
   7.120  0.2704E+00  0.8073E+01
   7.140  0.2561E+00  0.8078E+01
   7.160  0.2378E+00  0.8083E+01
   7.180  0.2208E+00  0.8087E+01
   7.200  0.2104E+00  0.8091E+01
   7.220  0.2095E+00  0.8096E+01
   7.240  0.2176E+00  0.8100E+01
   7.260  0.2326E+00  0.8105E+01
   7.280  0.2524E+00  0.8110E+01
   7.300  0.2777E+00  0.8115E+01
   7.320  0.3116E+00  0.8121E+01
   7.340  0.3577E+00  0.8128E+01
   7.360  0.4169E+00  0.8137E+01
   7.380  0.4849E+00  0.8147E+01
   7.400  0.5528E+00  0.8158E+01
   7.420  0.6096E+00  0.8170E+01
   7.440  0.6477E+00  0.8183E+01
   7.460  0.6655E+00  0.8196E+01
   7.480  0.6675E+00  0.8209E+01
   7.500  0.6616E+00  0.8223E+01
   7.520  0.6547E+00  0.8236E+01
   7.540  0.6500E+00  0.8249E+01
   7.560  0.6476E+00  0.8262E+01
   7.580  0.6465E+00  0.8275E+01
   7.600  0.6473E+00  0.8288E+01
   7.620  0.6525E+00  0.8301E+01
   7.640  0.6654E+00  0.8314E+01
   7.660  0.6867E+00  0.8328E+01
   7.680  0.7122E+00  0.8342E+01
   7.700  0.7328E+00  0.8357E+01
   7.720  0.7376E+00  0.8371E+01
   7.740  0.7191E+00  0.8386E+01
   7.760  0.6783E+00  0.8399E+01
   7.780  0.6274E+00  0.8412E+01
   7.800  0.5866E+00  0.8424E+01
   7.820  0.5790E+00  0.8435E+01
   7.840  0.6214E+00  0.8448E+01
   7.860  0.7179E+00  0.8462E+01
   7.880  0.8554E+00  0.8479E+01
   7.900  0.1007E+01  0.8499E+01
   7.920  0.1138E+01  0.8522E+01
   7.940  0.1220E+01  0.8546E+01
   7.960  0.1237E+01  0.8571E+01
   7.980  0.1196E+01  0.8595E+01
   8.000  0.1116E+01  0.8617E+01
   8.020  0.1022E+01  0.8638E+01
   8.040  0.9349E+00  0.8656E+01
   8.060  0.8671E+00  0.8674E+01
   8.080  0.8210E+00  0.8690E+01
   8.100  0.7959E+00  0.8706E+01
   8.120  0.7926E+00  0.8722E+01
   8.140  0.8149E+00  0.8738E+01
   8.160  0.8669E+00  0.8756E+01
   8.180  0.9482E+00  0.8775E+01
   8.200  0.1052E+01  0.8796E+01
   8.220  0.1166E+01  0.8819E+01
   8.240  0.1277E+01  0.8844E+01
   8.260  0.1374E+01  0.8872E+01
   8.280  0.1447E+01  0.8901E+01
   8.300  0.1494E+01  0.8931E+01
   8.320  0.1510E+01  0.8961E+01
   8.340  0.1498E+01  0.8991E+01
   8.360  0.1458E+01  0.9020E+01
   8.380  0.1401E+01  0.9048E+01
   8.400  0.1336E+01  0.9075E+01
   8.420  0.1275E+01  0.9100E+01
   8.440  0.1226E+01  0.9125E+01
   8.460  0.1195E+01  0.9149E+01
   8.480  0.1179E+01  0.9172E+01
   8.500  0.1176E+01  0.9196E+01
   8.520  0.1180E+01  0.9219E+01
   8.540  0.1186E+01  0.9243E+01
   8.560  0.1193E+01  0.9267E+01
   8.580  0.1199E+01  0.9291E+01
   8.600  0.1202E+01  0.9315E+01
   8.620  0.1201E+01  0.9339E+01
   8.640  0.1195E+01  0.9363E+01
   8.660  0.1187E+01  0.9387E+01
   8.680  0.1186E+01  0.9410E+01
   8.700  0.1208E+01  0.9435E+01
   8.720  0.1270E+01  0.9460E+01
   8.740  0.1387E+01  0.9488E+01
   8.760  0.1558E+01  0.9519E+01
   8.780  0.1763E+01  0.9554E+01
   8.800  0.1969E+01  0.9593E+01
   8.820  0.2133E+01  0.9636E+01
   8.840  0.2222E+01  0.9681E+01
   8.860  0.2221E+01  0.9725E+01
   8.880  0.2137E+01  0.9768E+01
   8.900  0.1993E+01  0.9808E+01
   8.920  0.1820E+01  0.9844E+01
   8.940  0.1641E+01  0.9877E+01
   8.960  0.1468E+01  0.9906E+01
   8.980  0.1304E+01  0.9932E+01
   9.000  0.1147E+01  0.9955E+01
   9.020  0.9991E+00  0.9975E+01
   9.040  0.8660E+00  0.9992E+01
   9.060  0.7607E+00  0.1001E+02
   9.080  0.6983E+00  0.1002E+02
   9.100  0.6912E+00  0.1004E+02
   9.120  0.7438E+00  0.1005E+02
   9.140  0.8489E+00  0.1007E+02
   9.160  0.9870E+00  0.1009E+02
   9.180  0.1130E+01  0.1011E+02
   9.200  0.1247E+01  0.1013E+02
   9.220  0.1319E+01  0.1016E+02
   9.240  0.1340E+01  0.1019E+02
   9.260  0.1322E+01  0.1021E+02
   9.280  0.1293E+01  0.1024E+02
   9.300  0.1285E+01  0.1027E+02
   9.320  0.1324E+01  0.1029E+02
   9.340  0.1424E+01  0.1032E+02
   9.360  0.1579E+01  0.1035E+02
   9.380  0.1764E+01  0.1039E+02
   9.400  0.1943E+01  0.1043E+02
   9.420  0.2079E+01  0.1047E+02
   9.440  0.2145E+01  0.1051E+02
   9.460  0.2136E+01  0.1055E+02
   9.480  0.2064E+01  0.1060E+02
   9.500  0.1958E+01  0.1063E+02
   9.520  0.1845E+01  0.1067E+02
   9.540  0.1741E+01  0.1071E+02
   9.560  0.1653E+01  0.1074E+02
   9.580  0.1577E+01  0.1077E+02
   9.600  0.1515E+01  0.1080E+02
   9.620  0.1474E+01  0.1083E+02
   9.640  0.1471E+01  0.1086E+02
   9.660  0.1520E+01  0.1089E+02
   9.680  0.1623E+01  0.1092E+02
   9.700  0.1763E+01  0.1096E+02
   9.720  0.1907E+01  0.1100E+02
   9.740  0.2014E+01  0.1104E+02
   9.760  0.2054E+01  0.1108E+02
   9.780  0.2015E+01  0.1112E+02
   9.800  0.1912E+01  0.1116E+02
   9.820  0.1777E+01  0.1119E+02
   9.840  0.1652E+01  0.1122E+02
   9.860  0.1571E+01  0.1126E+02
   9.880  0.1551E+01  0.1129E+02
   9.900  0.1581E+01  0.1132E+02
   9.920  0.1631E+01  0.1135E+02
   9.940  0.1660E+01  0.1138E+02
   9.960  0.1636E+01  0.1142E+02
   9.980  0.1547E+01  0.1145E+02
  10.000  0.1405E+01  0.1148E+02
  10.020  0.1240E+01  0.1150E+02
  10.040  0.1089E+01  0.1152E+02
  10.060  0.9775E+00  0.1154E+02
  10.080  0.9143E+00  0.1156E+02
  10.100  0.8920E+00  0.1158E+02
  10.120  0.8949E+00  0.1160E+02
  10.140  0.9092E+00  0.1161E+02
  10.160  0.9289E+00  0.1163E+02
  10.180  0.9573E+00  0.1165E+02
  10.200  0.1003E+01  0.1167E+02
  10.220  0.1071E+01  0.1169E+02
  10.240  0.1165E+01  0.1172E+02
  10.260  0.1277E+01  0.1174E+02
  10.280  0.1396E+01  0.1177E+02
  10.300  0.1513E+01  0.1180E+02
  10.320  0.1620E+01  0.1183E+02
  10.340  0.1713E+01  0.1187E+02
  10.360  0.1790E+01  0.1190E+02
  10.380  0.1851E+01  0.1194E+02
  10.400  0.1891E+01  0.1198E+02
  10.420  0.1907E+01  0.1202E+02
  10.440  0.1892E+01  0.1205E+02
  10.460  0.1840E+01  0.1209E+02
  10.480  0.1747E+01  0.1213E+02
  10.500  0.1613E+01  0.1216E+02
  10.520  0.1449E+01  0.1219E+02
  10.540  0.1271E+01  0.1221E+02
  10.560  0.1103E+01  0.1223E+02
  10.580  0.9697E+00  0.1225E+02
  10.600  0.8895E+00  0.1227E+02
  10.620  0.8741E+00  0.1229E+02
  10.640  0.9247E+00  0.1231E+02
  10.660  0.1034E+01  0.1233E+02
  10.680  0.1187E+01  0.1235E+02
  10.700  0.1362E+01  0.1238E+02
  10.720  0.1536E+01  0.1241E+02
  10.740  0.1684E+01  0.1244E+02
  10.760  0.1785E+01  0.1248E+02
  10.780  0.1827E+01  0.1252E+02
  10.800  0.1808E+01  0.1255E+02
  10.820  0.1735E+01  0.1259E+02
  10.840  0.1625E+01  0.1262E+02
  10.860  0.1495E+01  0.1265E+02
  10.880  0.1366E+01  0.1268E+02
  10.900  0.1257E+01  0.1270E+02
  10.920  0.1182E+01  0.1273E+02
  10.940  0.1150E+01  0.1275E+02
  10.960  0.1161E+01  0.1277E+02
  10.980  0.1204E+01  0.1280E+02
  11.000  0.1269E+01  0.1282E+02
  11.020  0.1340E+01  0.1285E+02
  11.040  0.1405E+01  0.1288E+02
  11.060  0.1453E+01  0.1290E+02
  11.080  0.1473E+01  0.1293E+02
  11.100  0.1457E+01  0.1296E+02
  11.120  0.1405E+01  0.1299E+02
  11.140  0.1327E+01  0.1302E+02
  11.160  0.1242E+01  0.1304E+02
  11.180  0.1173E+01  0.1307E+02
  11.200  0.1136E+01  0.1309E+02
  11.220  0.1135E+01  0.1311E+02
  11.240  0.1158E+01  0.1313E+02
  11.260  0.1179E+01  0.1316E+02
  11.280  0.1174E+01  0.1318E+02
  11.300  0.1123E+01  0.1320E+02
  11.320  0.1024E+01  0.1322E+02
  11.340  0.8870E+00  0.1324E+02
  11.360  0.7352E+00  0.1326E+02
  11.380  0.5964E+00  0.1327E+02
  11.400  0.4956E+00  0.1328E+02
  11.420  0.4492E+00  0.1329E+02
  11.440  0.4617E+00  0.1330E+02
  11.460  0.5251E+00  0.1331E+02
  11.480  0.6226E+00  0.1332E+02
  11.500  0.7337E+00  0.1334E+02
  11.520  0.8404E+00  0.1335E+02
  11.540  0.9327E+00  0.1337E+02
  11.560  0.1009E+01  0.1339E+02
  11.580  0.1074E+01  0.1341E+02
  11.600  0.1134E+01  0.1343E+02
  11.620  0.1188E+01  0.1346E+02
  11.640  0.1233E+01  0.1348E+02
  11.660  0.1258E+01  0.1351E+02
  11.680  0.1255E+01  0.1353E+02
  11.700  0.1220E+01  0.1356E+02
  11.720  0.1156E+01  0.1358E+02
  11.740  0.1074E+01  0.1360E+02
  11.760  0.9857E+00  0.1362E+02
  11.780  0.9049E+00  0.1364E+02
  11.800  0.8418E+00  0.1366E+02
  11.820  0.8047E+00  0.1367E+02
  11.840  0.8002E+00  0.1369E+02
  11.860  0.8345E+00  0.1371E+02
  11.880  0.9117E+00  0.1372E+02
  11.900  0.1030E+01  0.1374E+02
  11.920  0.1176E+01  0.1377E+02
  11.940  0.1327E+01  0.1379E+02
  11.960  0.1452E+01  0.1382E+02
  11.980  0.1526E+01  0.1385E+02
  12.000  0.1537E+01  0.1389E+02
  12.020  0.1492E+01  0.1392E+02
  12.040  0.1414E+01  0.1394E+02
  12.060  0.1332E+01  0.1397E+02
  12.080  0.1270E+01  0.1400E+02
  12.100  0.1243E+01  0.1402E+02
  12.120  0.1253E+01  0.1405E+02
  12.140  0.1298E+01  0.1407E+02
  12.160  0.1372E+01  0.1410E+02
  12.180  0.1464E+01  0.1413E+02
  12.200  0.1558E+01  0.1416E+02
  12.220  0.1636E+01  0.1419E+02
  12.240  0.1677E+01  0.1423E+02
  12.260  0.1669E+01  0.1426E+02
  12.280  0.1611E+01  0.1429E+02
  12.300  0.1514E+01  0.1432E+02
  12.320  0.1399E+01  0.1435E+02
  12.340  0.1287E+01  0.1437E+02
  12.360  0.1193E+01  0.1440E+02
  12.380  0.1123E+01  0.1442E+02
  12.400  0.1073E+01  0.1444E+02
  12.420  0.1034E+01  0.1446E+02
  12.440  0.9929E+00  0.1448E+02
  12.460  0.9363E+00  0.1450E+02
  12.480  0.8575E+00  0.1452E+02
  12.500  0.7581E+00  0.1453E+02
  12.520  0.6484E+00  0.1455E+02
  12.540  0.5454E+00  0.1456E+02
  12.560  0.4677E+00  0.1457E+02
  12.580  0.4299E+00  0.1458E+02
  12.600  0.4387E+00  0.1458E+02
  12.620  0.4914E+00  0.1459E+02
  12.640  0.5760E+00  0.1461E+02
  12.660  0.6732E+00  0.1462E+02
  12.680  0.7606E+00  0.1463E+02
  12.700  0.8178E+00  0.1465E+02
  12.720  0.8327E+00  0.1467E+02
  12.740  0.8062E+00  0.1468E+02
  12.760  0.7531E+00  0.1470E+02
  12.780  0.6973E+00  0.1471E+02
  12.800  0.6640E+00  0.1473E+02
  12.820  0.6700E+00  0.1474E+02
  12.840  0.7193E+00  0.1475E+02
  12.860  0.8033E+00  0.1477E+02
  12.880  0.9047E+00  0.1479E+02
  12.900  0.1003E+01  0.1481E+02
  12.920  0.1079E+01  0.1483E+02
  12.940  0.1116E+01  0.1485E+02
  12.960  0.1107E+01  0.1487E+02
  12.980  0.1048E+01  0.1490E+02
  13.000  0.9471E+00  0.1491E+02
  13.020  0.8176E+00  0.1493E+02
  13.040  0.6775E+00  0.1494E+02
  13.060  0.5441E+00  0.1496E+02
  13.080  0.4310E+00  0.1496E+02
  13.100  0.3471E+00  0.1497E+02
  13.120  0.2980E+00  0.1498E+02
  13.140  0.2870E+00  0.1498E+02
  13.160  0.3161E+00  0.1499E+02
  13.180  0.3846E+00  0.1500E+02
  13.200  0.4878E+00  0.1501E+02
  13.220  0.6153E+00  0.1502E+02
  13.240  0.7511E+00  0.1503E+02
  13.260  0.8762E+00  0.1505E+02
  13.280  0.9726E+00  0.1507E+02
  13.300  0.1028E+01  0.1509E+02
  13.320  0.1037E+01  0.1511E+02
  13.340  0.1007E+01  0.1513E+02
  13.360  0.9476E+00  0.1515E+02
  13.380  0.8753E+00  0.1517E+02
  13.400  0.8032E+00  0.1518E+02
  13.420  0.7405E+00  0.1520E+02
  13.440  0.6903E+00  0.1521E+02
  13.460  0.6509E+00  0.1523E+02
  13.480  0.6173E+00  0.1524E+02
  13.500  0.5854E+00  0.1525E+02
  13.520  0.5550E+00  0.1526E+02
  13.540  0.5327E+00  0.1527E+02
  13.560  0.5316E+00  0.1528E+02
  13.580  0.5675E+00  0.1529E+02
  13.600  0.6520E+00  0.1531E+02
  13.620  0.7865E+00  0.1532E+02
  13.640  0.9580E+00  0.1534E+02
  13.660  0.1141E+01  0.1536E+02
  13.680  0.1304E+01  0.1539E+02
  13.700  0.1418E+01  0.1542E+02
  13.720  0.1467E+01  0.1545E+02
  13.740  0.1449E+01  0.1548E+02
  13.760  0.1372E+01  0.1550E+02
  13.780  0.1253E+01  0.1553E+02
  13.800  0.1105E+01  0.1555E+02
  13.820  0.9422E+00  0.1557E+02
  13.840  0.7752E+00  0.1559E+02
  13.860  0.6139E+00  0.1560E+02
  13.880  0.4677E+00  0.1561E+02
  13.900  0.3448E+00  0.1561E+02
  13.920  0.2503E+00  0.1562E+02
  13.940  0.1854E+00  0.1562E+02
  13.960  0.1480E+00  0.1563E+02
  13.980  0.1335E+00  0.1563E+02
  14.000  0.1371E+00  0.1563E+02
  14.020  0.1545E+00  0.1563E+02
  14.040  0.1826E+00  0.1564E+02
  14.060  0.2189E+00  0.1564E+02
  14.080  0.2613E+00  0.1565E+02
  14.100  0.3073E+00  0.1565E+02
  14.120  0.3539E+00  0.1566E+02
  14.140  0.3979E+00  0.1567E+02
  14.160  0.4360E+00  0.1568E+02
  14.180  0.4654E+00  0.1569E+02
  14.200  0.4834E+00  0.1570E+02
  14.220  0.4877E+00  0.1571E+02
  14.240  0.4758E+00  0.1572E+02
  14.260  0.4465E+00  0.1573E+02
  14.280  0.4005E+00  0.1573E+02
  14.300  0.3413E+00  0.1574E+02
  14.320  0.2749E+00  0.1575E+02
  14.340  0.2092E+00  0.1575E+02
  14.360  0.1517E+00  0.1575E+02
  14.380  0.1083E+00  0.1576E+02
  14.400  0.8253E-01  0.1576E+02
  14.420  0.7477E-01  0.1576E+02
  14.440  0.8294E-01  0.1576E+02
  14.460  0.1025E+00  0.1576E+02
  14.480  0.1272E+00  0.1576E+02
  14.500  0.1497E+00  0.1577E+02
  14.520  0.1634E+00  0.1577E+02
  14.540  0.1644E+00  0.1577E+02
  14.560  0.1526E+00  0.1578E+02
  14.580  0.1319E+00  0.1578E+02
  14.600  0.1086E+00  0.1578E+02
  14.620  0.8991E-01  0.1578E+02
  14.640  0.8154E-01  0.1579E+02
  14.660  0.8722E-01  0.1579E+02
  14.680  0.1083E+00  0.1579E+02
  14.700  0.1441E+00  0.1579E+02
  14.720  0.1919E+00  0.1580E+02
  14.740  0.2466E+00  0.1580E+02
  14.760  0.3007E+00  0.1581E+02
  14.780  0.3450E+00  0.1581E+02
  14.800  0.3703E+00  0.1582E+02
  14.820  0.3703E+00  0.1583E+02
  14.840  0.3446E+00  0.1584E+02
  14.860  0.2992E+00  0.1584E+02
  14.880  0.2455E+00  0.1585E+02
  14.900  0.1968E+00  0.1585E+02
  14.920  0.1645E+00  0.1585E+02
  14.940  0.1553E+00  0.1586E+02
  14.960  0.1696E+00  0.1586E+02
  14.980  0.2025E+00  0.1586E+02
  15.000  0.2448E+00  0.1587E+02
